1.2500000000e+00 2.7813036640e+00
1.2501000000e+00 2.7811978280e+00
1.2502000000e+00 2.7810919920e+00
1.2503000000e+00 2.7809861560e+00
1.2504000000e+00 2.7808803200e+00
1.2505000000e+00 2.7807744830e+00
1.2506000000e+00 2.7806686470e+00
1.2507000000e+00 2.7805628100e+00
1.2508000000e+00 2.7804569740e+00
1.2509000000e+00 2.7803511370e+00
1.2510000000e+00 2.7802453000e+00
1.2511000000e+00 2.7801394630e+00
1.2512000000e+00 2.7800336260e+00
1.2513000000e+00 2.7799277920e+00
1.2514000000e+00 2.7798219550e+00
1.2515000000e+00 2.7797161170e+00
1.2516000000e+00 2.7796102800e+00
1.2517000000e+00 2.7795044420e+00
1.2518000000e+00 2.7793986050e+00
1.2519000000e+00 2.7792927670e+00
1.2520000000e+00 2.7791869290e+00
1.2521000000e+00 2.7790810910e+00
1.2522000000e+00 2.7789752530e+00
1.2523000000e+00 2.7788694150e+00
1.2524000000e+00 2.7787635770e+00
1.2525000000e+00 2.7786577380e+00
1.2526000000e+00 2.7785519000e+00
1.2527000000e+00 2.7784460610e+00
1.2528000000e+00 2.7783402230e+00
1.2529000000e+00 2.7782343840e+00
1.2530000000e+00 2.7781285450e+00
1.2531000000e+00 2.7780227070e+00
1.2532000000e+00 2.7779168680e+00
1.2533000000e+00 2.7778110290e+00
1.2534000000e+00 2.7777051890e+00
1.2535000000e+00 2.7775993500e+00
1.2536000000e+00 2.7774935110e+00
1.2537000000e+00 2.7773876720e+00
1.2538000000e+00 2.7772818320e+00
1.2539000000e+00 2.7771759930e+00
1.2540000000e+00 2.7770701530e+00
1.2541000000e+00 2.7769643130e+00
1.2542000000e+00 2.7768584740e+00
1.2543000000e+00 2.7767526340e+00
1.2544000000e+00 2.7766467940e+00
1.2545000000e+00 2.7765409540e+00
1.2546000000e+00 2.7764351140e+00
1.2547000000e+00 2.7763292740e+00
1.2548000000e+00 2.7762234340e+00
1.2549000000e+00 2.7761175930e+00
1.2550000000e+00 2.7760117530e+00
1.2551000000e+00 2.7759059120e+00
1.2552000000e+00 2.7758000720e+00
1.2553000000e+00 2.7756942310e+00
1.2554000000e+00 2.7755883910e+00
1.2555000000e+00 2.7754825500e+00
1.2556000000e+00 2.7753767090e+00
1.2557000000e+00 2.7752708680e+00
1.2558000000e+00 2.7751650280e+00
1.2559000000e+00 2.7750591870e+00
1.2560000000e+00 2.7749533450e+00
1.2561000000e+00 2.7748475040e+00
1.2562000000e+00 2.7747416630e+00
1.2563000000e+00 2.7746358220e+00
1.2564000000e+00 2.7745299810e+00
1.2565000000e+00 2.7744241390e+00
1.2566000000e+00 2.7743182980e+00
1.2567000000e+00 2.7742124560e+00
1.2568000000e+00 2.7741066150e+00
1.2569000000e+00 2.7740007730e+00
1.2570000000e+00 2.7738949320e+00
1.2571000000e+00 2.7737890900e+00
1.2572000000e+00 2.7736832480e+00
1.2573000000e+00 2.7735774060e+00
1.2574000000e+00 2.7734715640e+00
1.2575000000e+00 2.7733657220e+00
1.2576000000e+00 2.7732598800e+00
1.2577000000e+00 2.7731541770e+00
1.2578000000e+00 2.7730483350e+00
1.2579000000e+00 2.7729424930e+00
1.2580000000e+00 2.7728366510e+00
1.2581000000e+00 2.7727308090e+00
1.2582000000e+00 2.7726249670e+00
1.2583000000e+00 2.7725191250e+00
1.2584000000e+00 2.7724132830e+00
1.2585000000e+00 2.7723074410e+00
1.2586000000e+00 2.7722015980e+00
1.2587000000e+00 2.7720957560e+00
1.2588000000e+00 2.7719899140e+00
1.2589000000e+00 2.7718840710e+00
1.2590000000e+00 2.7717782290e+00
1.2591000000e+00 2.7716723860e+00
1.2592000000e+00 2.7715665440e+00
1.2593000000e+00 2.7714607010e+00
1.2594000000e+00 2.7713548590e+00
1.2595000000e+00 2.7712490160e+00
1.2596000000e+00 2.7711431730e+00
1.2597000000e+00 2.7710373310e+00
1.2598000000e+00 2.7709314880e+00
1.2599000000e+00 2.7708256450e+00
1.2600000000e+00 2.7707198020e+00
1.2601000000e+00 2.7706244010e+00
1.2602000000e+00 2.7705290000e+00
1.2603000000e+00 2.7704335990e+00
1.2604000000e+00 2.7703381970e+00
1.2605000000e+00 2.7702427950e+00
1.2606000000e+00 2.7701473930e+00
1.2607000000e+00 2.7700519910e+00
1.2608000000e+00 2.7699565890e+00
1.2609000000e+00 2.7698611860e+00
1.2610000000e+00 2.7697657840e+00
1.2611000000e+00 2.7696703810e+00
1.2612000000e+00 2.7695749780e+00
1.2613000000e+00 2.7694795750e+00
1.2614000000e+00 2.7693841710e+00
1.2615000000e+00 2.7692887680e+00
1.2616000000e+00 2.7691933640e+00
1.2617000000e+00 2.7690979600e+00
1.2618000000e+00 2.7690025560e+00
1.2619000000e+00 2.7689071520e+00
1.2620000000e+00 2.7688117480e+00
1.2621000000e+00 2.7687163430e+00
1.2622000000e+00 2.7686209380e+00
1.2623000000e+00 2.7685255330e+00
1.2624000000e+00 2.7684301280e+00
1.2625000000e+00 2.7683347230e+00
1.2626000000e+00 2.7682393180e+00
1.2627000000e+00 2.7681439120e+00
1.2628000000e+00 2.7680485060e+00
1.2629000000e+00 2.7679531010e+00
1.2630000000e+00 2.7678576950e+00
1.2631000000e+00 2.7677622880e+00
1.2632000000e+00 2.7676668820e+00
1.2633000000e+00 2.7675714750e+00
1.2634000000e+00 2.7674760690e+00
1.2635000000e+00 2.7673806620e+00
1.2636000000e+00 2.7672852550e+00
1.2637000000e+00 2.7671898480e+00
1.2638000000e+00 2.7670944400e+00
1.2639000000e+00 2.7669990330e+00
1.2640000000e+00 2.7669036250e+00
1.2641000000e+00 2.7668082170e+00
1.2642000000e+00 2.7667128090e+00
1.2643000000e+00 2.7666174010e+00
1.2644000000e+00 2.7665219930e+00
1.2645000000e+00 2.7664265850e+00
1.2646000000e+00 2.7663311760e+00
1.2647000000e+00 2.7662357670e+00
1.2648000000e+00 2.7661403590e+00
1.2649000000e+00 2.7660449500e+00
1.2650000000e+00 2.7659495400e+00
1.2651000000e+00 2.7658541310e+00
1.2652000000e+00 2.7657587220e+00
1.2653000000e+00 2.7656633120e+00
1.2654000000e+00 2.7655679020e+00
1.2655000000e+00 2.7654724920e+00
1.2656000000e+00 2.7653770820e+00
1.2657000000e+00 2.7652816720e+00
1.2658000000e+00 2.7651862620e+00
1.2659000000e+00 2.7650908510e+00
1.2660000000e+00 2.7649954400e+00
1.2661000000e+00 2.7649000300e+00
1.2662000000e+00 2.7648046190e+00
1.2663000000e+00 2.7647092080e+00
1.2664000000e+00 2.7646137960e+00
1.2665000000e+00 2.7645183850e+00
1.2666000000e+00 2.7644229740e+00
1.2667000000e+00 2.7643275620e+00
1.2668000000e+00 2.7642321500e+00
1.2669000000e+00 2.7641367380e+00
1.2670000000e+00 2.7640413260e+00
1.2671000000e+00 2.7639459140e+00
1.2672000000e+00 2.7638505020e+00
1.2673000000e+00 2.7637550890e+00
1.2674000000e+00 2.7636596770e+00
1.2675000000e+00 2.7635642640e+00
1.2676000000e+00 2.7634688510e+00
1.2677000000e+00 2.7633734380e+00
1.2678000000e+00 2.7632780250e+00
1.2679000000e+00 2.7631826120e+00
1.2680000000e+00 2.7630871980e+00
1.2681000000e+00 2.7629917850e+00
1.2682000000e+00 2.7628963710e+00
1.2683000000e+00 2.7628009570e+00
1.2684000000e+00 2.7627055430e+00
1.2685000000e+00 2.7626101290e+00
1.2686000000e+00 2.7625147150e+00
1.2687000000e+00 2.7624193010e+00
1.2688000000e+00 2.7623238860e+00
1.2689000000e+00 2.7622284720e+00
1.2690000000e+00 2.7621330570e+00
1.2691000000e+00 2.7620376420e+00
1.2692000000e+00 2.7619422270e+00
1.2693000000e+00 2.7618468120e+00
1.2694000000e+00 2.7617513970e+00
1.2695000000e+00 2.7616559820e+00
1.2696000000e+00 2.7615605660e+00
1.2697000000e+00 2.7614651510e+00
1.2698000000e+00 2.7613697350e+00
1.2699000000e+00 2.7612743190e+00
1.2700000000e+00 2.7611789040e+00
1.2701000000e+00 2.7610730530e+00
1.2702000000e+00 2.7609672020e+00
1.2703000000e+00 2.7608613520e+00
1.2704000000e+00 2.7607555010e+00
1.2705000000e+00 2.7606496510e+00
1.2706000000e+00 2.7605438000e+00
1.2707000000e+00 2.7604379500e+00
1.2708000000e+00 2.7603321000e+00
1.2709000000e+00 2.7602262490e+00
1.2710000000e+00 2.7601203990e+00
1.2711000000e+00 2.7600145490e+00
1.2712000000e+00 2.7599086990e+00
1.2713000000e+00 2.7598028490e+00
1.2714000000e+00 2.7596969980e+00
1.2715000000e+00 2.7595911480e+00
1.2716000000e+00 2.7594852980e+00
1.2717000000e+00 2.7593794480e+00
1.2718000000e+00 2.7592735990e+00
1.2719000000e+00 2.7591677490e+00
1.2720000000e+00 2.7590618990e+00
1.2721000000e+00 2.7589560490e+00
1.2722000000e+00 2.7588501990e+00
1.2723000000e+00 2.7587443500e+00
1.2724000000e+00 2.7586385000e+00
1.2725000000e+00 2.7585326510e+00
1.2726000000e+00 2.7584268010e+00
1.2727000000e+00 2.7583209520e+00
1.2728000000e+00 2.7582151020e+00
1.2729000000e+00 2.7581092530e+00
1.2730000000e+00 2.7580034040e+00
1.2731000000e+00 2.7578975540e+00
1.2732000000e+00 2.7577917050e+00
1.2733000000e+00 2.7576858560e+00
1.2734000000e+00 2.7575800070e+00
1.2735000000e+00 2.7574741580e+00
1.2736000000e+00 2.7573683090e+00
1.2737000000e+00 2.7572624600e+00
1.2738000000e+00 2.7571566110e+00
1.2739000000e+00 2.7570507630e+00
1.2740000000e+00 2.7569449140e+00
1.2741000000e+00 2.7568390650e+00
1.2742000000e+00 2.7567332170e+00
1.2743000000e+00 2.7566273680e+00
1.2744000000e+00 2.7565215200e+00
1.2745000000e+00 2.7564156720e+00
1.2746000000e+00 2.7563098230e+00
1.2747000000e+00 2.7562039750e+00
1.2748000000e+00 2.7560981270e+00
1.2749000000e+00 2.7559922790e+00
1.2750000000e+00 2.7558864310e+00
1.2751000000e+00 2.7557805830e+00
1.2752000000e+00 2.7556747350e+00
1.2753000000e+00 2.7555688870e+00
1.2754000000e+00 2.7554630390e+00
1.2755000000e+00 2.7553571920e+00
1.2756000000e+00 2.7552513440e+00
1.2757000000e+00 2.7551454970e+00
1.2758000000e+00 2.7550396490e+00
1.2759000000e+00 2.7549338020e+00
1.2760000000e+00 2.7548279550e+00
1.2761000000e+00 2.7547221080e+00
1.2762000000e+00 2.7546162610e+00
1.2763000000e+00 2.7545104140e+00
1.2764000000e+00 2.7544045670e+00
1.2765000000e+00 2.7542987200e+00
1.2766000000e+00 2.7541928730e+00
1.2767000000e+00 2.7540870260e+00
1.2768000000e+00 2.7539811800e+00
1.2769000000e+00 2.7538753330e+00
1.2770000000e+00 2.7537694870e+00
1.2771000000e+00 2.7536636400e+00
1.2772000000e+00 2.7535577940e+00
1.2773000000e+00 2.7534519480e+00
1.2774000000e+00 2.7533462430e+00
1.2775000000e+00 2.7532403970e+00
1.2776000000e+00 2.7531345510e+00
1.2777000000e+00 2.7530287060e+00
1.2778000000e+00 2.7529228600e+00
1.2779000000e+00 2.7528170150e+00
1.2780000000e+00 2.7527111690e+00
1.2781000000e+00 2.7526053240e+00
1.2782000000e+00 2.7524994790e+00
1.2783000000e+00 2.7523936340e+00
1.2784000000e+00 2.7522877890e+00
1.2785000000e+00 2.7521819440e+00
1.2786000000e+00 2.7520761000e+00
1.2787000000e+00 2.7519702550e+00
1.2788000000e+00 2.7518644100e+00
1.2789000000e+00 2.7517585660e+00
1.2790000000e+00 2.7516527220e+00
1.2791000000e+00 2.7515468770e+00
1.2792000000e+00 2.7514410330e+00
1.2793000000e+00 2.7513351890e+00
1.2794000000e+00 2.7512293450e+00
1.2795000000e+00 2.7511235010e+00
1.2796000000e+00 2.7510176580e+00
1.2797000000e+00 2.7509118140e+00
1.2798000000e+00 2.7508059710e+00
1.2799000000e+00 2.7507001270e+00
1.2800000000e+00 2.7505942840e+00
1.2801000000e+00 2.7504988670e+00
1.2802000000e+00 2.7504034500e+00
1.2803000000e+00 2.7503080330e+00
1.2804000000e+00 2.7502126160e+00
1.2805000000e+00 2.7501171990e+00
1.2806000000e+00 2.7500217820e+00
1.2807000000e+00 2.7499263650e+00
1.2808000000e+00 2.7498309480e+00
1.2809000000e+00 2.7497355310e+00
1.2810000000e+00 2.7496401140e+00
1.2811000000e+00 2.7495446970e+00
1.2812000000e+00 2.7494492790e+00
1.2813000000e+00 2.7493538620e+00
1.2814000000e+00 2.7492584440e+00
1.2815000000e+00 2.7491630270e+00
1.2816000000e+00 2.7490676100e+00
1.2817000000e+00 2.7489721920e+00
1.2818000000e+00 2.7488767740e+00
1.2819000000e+00 2.7487813570e+00
1.2820000000e+00 2.7486859390e+00
1.2821000000e+00 2.7485905220e+00
1.2822000000e+00 2.7484951040e+00
1.2823000000e+00 2.7483996860e+00
1.2824000000e+00 2.7483042680e+00
1.2825000000e+00 2.7482088500e+00
1.2826000000e+00 2.7481134330e+00
1.2827000000e+00 2.7480180150e+00
1.2828000000e+00 2.7479225970e+00
1.2829000000e+00 2.7478271790e+00
1.2830000000e+00 2.7477317610e+00
1.2831000000e+00 2.7476363430e+00
1.2832000000e+00 2.7475409250e+00
1.2833000000e+00 2.7474455070e+00
1.2834000000e+00 2.7473500880e+00
1.2835000000e+00 2.7472546700e+00
1.2836000000e+00 2.7471592520e+00
1.2837000000e+00 2.7470638340e+00
1.2838000000e+00 2.7469684160e+00
1.2839000000e+00 2.7468729970e+00
1.2840000000e+00 2.7467775790e+00
1.2841000000e+00 2.7466821610e+00
1.2842000000e+00 2.7465867420e+00
1.2843000000e+00 2.7464913240e+00
1.2844000000e+00 2.7463959060e+00
1.2845000000e+00 2.7463004870e+00
1.2846000000e+00 2.7462050690e+00
1.2847000000e+00 2.7461096500e+00
1.2848000000e+00 2.7460142320e+00
1.2849000000e+00 2.7459188130e+00
1.2850000000e+00 2.7458233950e+00
1.2851000000e+00 2.7457279760e+00
1.2852000000e+00 2.7456325570e+00
1.2853000000e+00 2.7455371390e+00
1.2854000000e+00 2.7454417200e+00
1.2855000000e+00 2.7453463020e+00
1.2856000000e+00 2.7452508830e+00
1.2857000000e+00 2.7451554640e+00
1.2858000000e+00 2.7450600460e+00
1.2859000000e+00 2.7449646270e+00
1.2860000000e+00 2.7448692080e+00
1.2861000000e+00 2.7447737890e+00
1.2862000000e+00 2.7446783710e+00
1.2863000000e+00 2.7445829520e+00
1.2864000000e+00 2.7444875330e+00
1.2865000000e+00 2.7443921140e+00
1.2866000000e+00 2.7442966960e+00
1.2867000000e+00 2.7442012770e+00
1.2868000000e+00 2.7441058580e+00
1.2869000000e+00 2.7440104390e+00
1.2870000000e+00 2.7439150200e+00
1.2871000000e+00 2.7438196020e+00
1.2872000000e+00 2.7437241830e+00
1.2873000000e+00 2.7436287640e+00
1.2874000000e+00 2.7435333450e+00
1.2875000000e+00 2.7434379260e+00
1.2876000000e+00 2.7433425070e+00
1.2877000000e+00 2.7432470880e+00
1.2878000000e+00 2.7431516700e+00
1.2879000000e+00 2.7430562510e+00
1.2880000000e+00 2.7429608320e+00
1.2881000000e+00 2.7428654130e+00
1.2882000000e+00 2.7427699940e+00
1.2883000000e+00 2.7426745750e+00
1.2884000000e+00 2.7425791560e+00
1.2885000000e+00 2.7424837380e+00
1.2886000000e+00 2.7423883190e+00
1.2887000000e+00 2.7422929000e+00
1.2888000000e+00 2.7421974810e+00
1.2889000000e+00 2.7421020620e+00
1.2890000000e+00 2.7420066430e+00
1.2891000000e+00 2.7419112240e+00
1.2892000000e+00 2.7418158060e+00
1.2893000000e+00 2.7417203870e+00
1.2894000000e+00 2.7416249680e+00
1.2895000000e+00 2.7415295490e+00
1.2896000000e+00 2.7414341300e+00
1.2897000000e+00 2.7413387110e+00
1.2898000000e+00 2.7412432930e+00
1.2899000000e+00 2.7411478740e+00
1.2900000000e+00 2.7410524550e+00
1.2901000000e+00 2.7409466430e+00
1.2902000000e+00 2.7408408310e+00
1.2903000000e+00 2.7407350200e+00
1.2904000000e+00 2.7406292080e+00
1.2905000000e+00 2.7405233970e+00
1.2906000000e+00 2.7404175860e+00
1.2907000000e+00 2.7403117750e+00
1.2908000000e+00 2.7402059650e+00
1.2909000000e+00 2.7401001540e+00
1.2910000000e+00 2.7399943440e+00
1.2911000000e+00 2.7398885340e+00
1.2912000000e+00 2.7397827240e+00
1.2913000000e+00 2.7396769140e+00
1.2914000000e+00 2.7395711040e+00
1.2915000000e+00 2.7394652950e+00
1.2916000000e+00 2.7393594860e+00
1.2917000000e+00 2.7392536770e+00
1.2918000000e+00 2.7391478680e+00
1.2919000000e+00 2.7390420590e+00
1.2920000000e+00 2.7389362510e+00
1.2921000000e+00 2.7388304430e+00
1.2922000000e+00 2.7387246350e+00
1.2923000000e+00 2.7386188270e+00
1.2924000000e+00 2.7385130190e+00
1.2925000000e+00 2.7384072550e+00
1.2926000000e+00 2.7383014480e+00
1.2927000000e+00 2.7381956410e+00
1.2928000000e+00 2.7380898350e+00
1.2929000000e+00 2.7379840280e+00
1.2930000000e+00 2.7378782220e+00
1.2931000000e+00 2.7377724150e+00
1.2932000000e+00 2.7376666090e+00
1.2933000000e+00 2.7375608040e+00
1.2934000000e+00 2.7374549980e+00
1.2935000000e+00 2.7373491930e+00
1.2936000000e+00 2.7372433870e+00
1.2937000000e+00 2.7371375820e+00
1.2938000000e+00 2.7370317780e+00
1.2939000000e+00 2.7369259730e+00
1.2940000000e+00 2.7368201690e+00
1.2941000000e+00 2.7367143650e+00
1.2942000000e+00 2.7366085610e+00
1.2943000000e+00 2.7365027570e+00
1.2944000000e+00 2.7363969530e+00
1.2945000000e+00 2.7362911500e+00
1.2946000000e+00 2.7361853470e+00
1.2947000000e+00 2.7360795440e+00
1.2948000000e+00 2.7359737410e+00
1.2949000000e+00 2.7358679390e+00
1.2950000000e+00 2.7357621370e+00
1.2951000000e+00 2.7356563350e+00
1.2952000000e+00 2.7355505330e+00
1.2953000000e+00 2.7354447310e+00
1.2954000000e+00 2.7353389300e+00
1.2955000000e+00 2.7352331290e+00
1.2956000000e+00 2.7351273280e+00
1.2957000000e+00 2.7350215270e+00
1.2958000000e+00 2.7349157270e+00
1.2959000000e+00 2.7348099260e+00
1.2960000000e+00 2.7347041260e+00
1.2961000000e+00 2.7345983260e+00
1.2962000000e+00 2.7344925270e+00
1.2963000000e+00 2.7343867270e+00
1.2964000000e+00 2.7342809280e+00
1.2965000000e+00 2.7341751290e+00
1.2966000000e+00 2.7340693300e+00
1.2967000000e+00 2.7339635320e+00
1.2968000000e+00 2.7338577340e+00
1.2969000000e+00 2.7337519360e+00
1.2970000000e+00 2.7336461380e+00
1.2971000000e+00 2.7335403400e+00
1.2972000000e+00 2.7334345430e+00
1.2973000000e+00 2.7333287460e+00
1.2974000000e+00 2.7332229490e+00
1.2975000000e+00 2.7331171520e+00
1.2976000000e+00 2.7330113560e+00
1.2977000000e+00 2.7329055590e+00
1.2978000000e+00 2.7327997630e+00
1.2979000000e+00 2.7326939680e+00
1.2980000000e+00 2.7325881720e+00
1.2981000000e+00 2.7324823770e+00
1.2982000000e+00 2.7323765820e+00
1.2983000000e+00 2.7322707870e+00
1.2984000000e+00 2.7321649930e+00
1.2985000000e+00 2.7320593410e+00
1.2986000000e+00 2.7319535470e+00
1.2987000000e+00 2.7318477530e+00
1.2988000000e+00 2.7317419600e+00
1.2989000000e+00 2.7316361670e+00
1.2990000000e+00 2.7315303740e+00
1.2991000000e+00 2.7314245810e+00
1.2992000000e+00 2.7313187890e+00
1.2993000000e+00 2.7312129970e+00
1.2994000000e+00 2.7311072050e+00
1.2995000000e+00 2.7310014130e+00
1.2996000000e+00 2.7308956220e+00
1.2997000000e+00 2.7307898300e+00
1.2998000000e+00 2.7306840390e+00
1.2999000000e+00 2.7305782490e+00
1.3000000000e+00 2.7304724580e+00
1.3001000000e+00 2.7303752420e+00
1.3002000000e+00 2.7302780250e+00
1.3003000000e+00 2.7301808090e+00
1.3004000000e+00 2.7300835920e+00
1.3005000000e+00 2.7299863760e+00
1.3006000000e+00 2.7298891600e+00
1.3007000000e+00 2.7297919440e+00
1.3008000000e+00 2.7296947280e+00
1.3009000000e+00 2.7295975120e+00
1.3010000000e+00 2.7295002970e+00
1.3011000000e+00 2.7294030810e+00
1.3012000000e+00 2.7293058660e+00
1.3013000000e+00 2.7292086500e+00
1.3014000000e+00 2.7291114350e+00
1.3015000000e+00 2.7290142200e+00
1.3016000000e+00 2.7289170050e+00
1.3017000000e+00 2.7288197900e+00
1.3018000000e+00 2.7287225750e+00
1.3019000000e+00 2.7286253610e+00
1.3020000000e+00 2.7285281460e+00
1.3021000000e+00 2.7284309320e+00
1.3022000000e+00 2.7283337170e+00
1.3023000000e+00 2.7282365030e+00
1.3024000000e+00 2.7281392890e+00
1.3025000000e+00 2.7280420750e+00
1.3026000000e+00 2.7279448610e+00
1.3027000000e+00 2.7278476480e+00
1.3028000000e+00 2.7277504340e+00
1.3029000000e+00 2.7276532210e+00
1.3030000000e+00 2.7275560070e+00
1.3031000000e+00 2.7274587940e+00
1.3032000000e+00 2.7273615810e+00
1.3033000000e+00 2.7272643680e+00
1.3034000000e+00 2.7271671560e+00
1.3035000000e+00 2.7270699430e+00
1.3036000000e+00 2.7269727300e+00
1.3037000000e+00 2.7268755180e+00
1.3038000000e+00 2.7267783060e+00
1.3039000000e+00 2.7266810940e+00
1.3040000000e+00 2.7265838810e+00
1.3041000000e+00 2.7264866700e+00
1.3042000000e+00 2.7263894580e+00
1.3043000000e+00 2.7262922460e+00
1.3044000000e+00 2.7261950350e+00
1.3045000000e+00 2.7260978230e+00
1.3046000000e+00 2.7260006120e+00
1.3047000000e+00 2.7259034010e+00
1.3048000000e+00 2.7258061900e+00
1.3049000000e+00 2.7257089790e+00
1.3050000000e+00 2.7256117690e+00
1.3051000000e+00 2.7255145580e+00
1.3052000000e+00 2.7254173480e+00
1.3053000000e+00 2.7253201380e+00
1.3054000000e+00 2.7252229280e+00
1.3055000000e+00 2.7251257180e+00
1.3056000000e+00 2.7250285080e+00
1.3057000000e+00 2.7249312980e+00
1.3058000000e+00 2.7248340890e+00
1.3059000000e+00 2.7247368790e+00
1.3060000000e+00 2.7246396700e+00
1.3061000000e+00 2.7245424610e+00
1.3062000000e+00 2.7244452520e+00
1.3063000000e+00 2.7243480430e+00
1.3064000000e+00 2.7242508340e+00
1.3065000000e+00 2.7241536260e+00
1.3066000000e+00 2.7240564180e+00
1.3067000000e+00 2.7239592090e+00
1.3068000000e+00 2.7238620010e+00
1.3069000000e+00 2.7237647930e+00
1.3070000000e+00 2.7236675860e+00
1.3071000000e+00 2.7235703780e+00
1.3072000000e+00 2.7234731710e+00
1.3073000000e+00 2.7233759630e+00
1.3074000000e+00 2.7232787560e+00
1.3075000000e+00 2.7231815490e+00
1.3076000000e+00 2.7230843420e+00
1.3077000000e+00 2.7229871360e+00
1.3078000000e+00 2.7228899290e+00
1.3079000000e+00 2.7227927230e+00
1.3080000000e+00 2.7226955170e+00
1.3081000000e+00 2.7225983110e+00
1.3082000000e+00 2.7225011050e+00
1.3083000000e+00 2.7224038990e+00
1.3084000000e+00 2.7223066930e+00
1.3085000000e+00 2.7222094880e+00
1.3086000000e+00 2.7221122830e+00
1.3087000000e+00 2.7220150780e+00
1.3088000000e+00 2.7219178730e+00
1.3089000000e+00 2.7218206680e+00
1.3090000000e+00 2.7217234630e+00
1.3091000000e+00 2.7216262590e+00
1.3092000000e+00 2.7215290550e+00
1.3093000000e+00 2.7214318500e+00
1.3094000000e+00 2.7213346470e+00
1.3095000000e+00 2.7212374430e+00
1.3096000000e+00 2.7211402390e+00
1.3097000000e+00 2.7210430360e+00
1.3098000000e+00 2.7209458320e+00
1.3099000000e+00 2.7208486290e+00
1.3100000000e+00 2.7207514260e+00
1.3101000000e+00 2.7206545920e+00
1.3102000000e+00 2.7205577570e+00
1.3103000000e+00 2.7204609220e+00
1.3104000000e+00 2.7203640880e+00
1.3105000000e+00 2.7202672540e+00
1.3106000000e+00 2.7201704200e+00
1.3107000000e+00 2.7200735860e+00
1.3108000000e+00 2.7199767520e+00
1.3109000000e+00 2.7198799190e+00
1.3110000000e+00 2.7197830850e+00
1.3111000000e+00 2.7196862520e+00
1.3112000000e+00 2.7195894190e+00
1.3113000000e+00 2.7194925860e+00
1.3114000000e+00 2.7193957540e+00
1.3115000000e+00 2.7192989210e+00
1.3116000000e+00 2.7192020890e+00
1.3117000000e+00 2.7191052570e+00
1.3118000000e+00 2.7190084250e+00
1.3119000000e+00 2.7189115930e+00
1.3120000000e+00 2.7188147610e+00
1.3121000000e+00 2.7187179300e+00
1.3122000000e+00 2.7186210990e+00
1.3123000000e+00 2.7185242680e+00
1.3124000000e+00 2.7184274370e+00
1.3125000000e+00 2.7183306060e+00
1.3126000000e+00 2.7182337750e+00
1.3127000000e+00 2.7181369450e+00
1.3128000000e+00 2.7180401150e+00
1.3129000000e+00 2.7179432850e+00
1.3130000000e+00 2.7178464550e+00
1.3131000000e+00 2.7177496260e+00
1.3132000000e+00 2.7176527960e+00
1.3133000000e+00 2.7175559670e+00
1.3134000000e+00 2.7174591380e+00
1.3135000000e+00 2.7173623090e+00
1.3136000000e+00 2.7172654800e+00
1.3137000000e+00 2.7171686520e+00
1.3138000000e+00 2.7170718230e+00
1.3139000000e+00 2.7169749950e+00
1.3140000000e+00 2.7168781670e+00
1.3141000000e+00 2.7167813400e+00
1.3142000000e+00 2.7166845120e+00
1.3143000000e+00 2.7165876850e+00
1.3144000000e+00 2.7164908570e+00
1.3145000000e+00 2.7163940300e+00
1.3146000000e+00 2.7162972040e+00
1.3147000000e+00 2.7162003770e+00
1.3148000000e+00 2.7161035510e+00
1.3149000000e+00 2.7160067240e+00
1.3150000000e+00 2.7159098980e+00
1.3151000000e+00 2.7158130730e+00
1.3152000000e+00 2.7157162470e+00
1.3153000000e+00 2.7156194220e+00
1.3154000000e+00 2.7155225960e+00
1.3155000000e+00 2.7154257710e+00
1.3156000000e+00 2.7153289470e+00
1.3157000000e+00 2.7152321220e+00
1.3158000000e+00 2.7151352980e+00
1.3159000000e+00 2.7150384730e+00
1.3160000000e+00 2.7149416490e+00
1.3161000000e+00 2.7148448260e+00
1.3162000000e+00 2.7147480020e+00
1.3163000000e+00 2.7146511780e+00
1.3164000000e+00 2.7145543550e+00
1.3165000000e+00 2.7144575320e+00
1.3166000000e+00 2.7143607100e+00
1.3167000000e+00 2.7142638870e+00
1.3168000000e+00 2.7141670650e+00
1.3169000000e+00 2.7140702420e+00
1.3170000000e+00 2.7139734200e+00
1.3171000000e+00 2.7138765990e+00
1.3172000000e+00 2.7137797770e+00
1.3173000000e+00 2.7136829560e+00
1.3174000000e+00 2.7135861350e+00
1.3175000000e+00 2.7134893140e+00
1.3176000000e+00 2.7133924930e+00
1.3177000000e+00 2.7132956730e+00
1.3178000000e+00 2.7131988560e+00
1.3179000000e+00 2.7131020360e+00
1.3180000000e+00 2.7130052160e+00
1.3181000000e+00 2.7129085410e+00
1.3182000000e+00 2.7128117210e+00
1.3183000000e+00 2.7127149020e+00
1.3184000000e+00 2.7126180840e+00
1.3185000000e+00 2.7125212650e+00
1.3186000000e+00 2.7124244470e+00
1.3187000000e+00 2.7123276290e+00
1.3188000000e+00 2.7122308110e+00
1.3189000000e+00 2.7121339930e+00
1.3190000000e+00 2.7120371760e+00
1.3191000000e+00 2.7119403590e+00
1.3192000000e+00 2.7118435420e+00
1.3193000000e+00 2.7117467250e+00
1.3194000000e+00 2.7116499080e+00
1.3195000000e+00 2.7115530920e+00
1.3196000000e+00 2.7114562760e+00
1.3197000000e+00 2.7113594600e+00
1.3198000000e+00 2.7112626440e+00
1.3199000000e+00 2.7111658290e+00
1.3200000000e+00 2.7110690140e+00
1.3201000000e+00 2.7109725540e+00
1.3202000000e+00 2.7108760950e+00
1.3203000000e+00 2.7107796370e+00
1.3204000000e+00 2.7106831780e+00
1.3205000000e+00 2.7105867200e+00
1.3206000000e+00 2.7104902620e+00
1.3207000000e+00 2.7103938040e+00
1.3208000000e+00 2.7102973460e+00
1.3209000000e+00 2.7102008890e+00
1.3210000000e+00 2.7101044310e+00
1.3211000000e+00 2.7100079740e+00
1.3212000000e+00 2.7099115180e+00
1.3213000000e+00 2.7098150610e+00
1.3214000000e+00 2.7097186050e+00
1.3215000000e+00 2.7096221490e+00
1.3216000000e+00 2.7095256930e+00
1.3217000000e+00 2.7094292370e+00
1.3218000000e+00 2.7093327820e+00
1.3219000000e+00 2.7092363270e+00
1.3220000000e+00 2.7091398720e+00
1.3221000000e+00 2.7090434170e+00
1.3222000000e+00 2.7089469630e+00
1.3223000000e+00 2.7088505090e+00
1.3224000000e+00 2.7087540550e+00
1.3225000000e+00 2.7086576010e+00
1.3226000000e+00 2.7085611480e+00
1.3227000000e+00 2.7084646940e+00
1.3228000000e+00 2.7083682410e+00
1.3229000000e+00 2.7082717890e+00
1.3230000000e+00 2.7081753360e+00
1.3231000000e+00 2.7080788840e+00
1.3232000000e+00 2.7079824320e+00
1.3233000000e+00 2.7078859800e+00
1.3234000000e+00 2.7077895280e+00
1.3235000000e+00 2.7076930770e+00
1.3236000000e+00 2.7075966260e+00
1.3237000000e+00 2.7075001750e+00
1.3238000000e+00 2.7074037250e+00
1.3239000000e+00 2.7073072740e+00
1.3240000000e+00 2.7072108240e+00
1.3241000000e+00 2.7071143740e+00
1.3242000000e+00 2.7070179250e+00
1.3243000000e+00 2.7069214750e+00
1.3244000000e+00 2.7068250260e+00
1.3245000000e+00 2.7067285780e+00
1.3246000000e+00 2.7066321290e+00
1.3247000000e+00 2.7065356810e+00
1.3248000000e+00 2.7064392330e+00
1.3249000000e+00 2.7063427850e+00
1.3250000000e+00 2.7062463370e+00
1.3251000000e+00 2.7061498900e+00
1.3252000000e+00 2.7060534430e+00
1.3253000000e+00 2.7059569960e+00
1.3254000000e+00 2.7058605490e+00
1.3255000000e+00 2.7057641030e+00
1.3256000000e+00 2.7056676570e+00
1.3257000000e+00 2.7055712110e+00
1.3258000000e+00 2.7054747660e+00
1.3259000000e+00 2.7053783210e+00
1.3260000000e+00 2.7052818760e+00
1.3261000000e+00 2.7051854310e+00
1.3262000000e+00 2.7050889860e+00
1.3263000000e+00 2.7049925420e+00
1.3264000000e+00 2.7048960980e+00
1.3265000000e+00 2.7047996540e+00
1.3266000000e+00 2.7047032110e+00
1.3267000000e+00 2.7046067680e+00
1.3268000000e+00 2.7045103250e+00
1.3269000000e+00 2.7044138820e+00
1.3270000000e+00 2.7043174400e+00
1.3271000000e+00 2.7042209980e+00
1.3272000000e+00 2.7041245560e+00
1.3273000000e+00 2.7040281140e+00
1.3274000000e+00 2.7039316730e+00
1.3275000000e+00 2.7038352320e+00
1.3276000000e+00 2.7037387910e+00
1.3277000000e+00 2.7036423510e+00
1.3278000000e+00 2.7035459100e+00
1.3279000000e+00 2.7034494710e+00
1.3280000000e+00 2.7033530310e+00
1.3281000000e+00 2.7032565910e+00
1.3282000000e+00 2.7031601520e+00
1.3283000000e+00 2.7030637130e+00
1.3284000000e+00 2.7029672750e+00
1.3285000000e+00 2.7028708370e+00
1.3286000000e+00 2.7027743980e+00
1.3287000000e+00 2.7026779610e+00
1.3288000000e+00 2.7025815230e+00
1.3289000000e+00 2.7024850860e+00
1.3290000000e+00 2.7023886490e+00
1.3291000000e+00 2.7022922120e+00
1.3292000000e+00 2.7021957760e+00
1.3293000000e+00 2.7020993400e+00
1.3294000000e+00 2.7020029040e+00
1.3295000000e+00 2.7019064690e+00
1.3296000000e+00 2.7018100330e+00
1.3297000000e+00 2.7017135980e+00
1.3298000000e+00 2.7016171640e+00
1.3299000000e+00 2.7015207290e+00
1.3300000000e+00 2.7014242950e+00
1.3301000000e+00 2.7013282050e+00
1.3302000000e+00 2.7012321160e+00
1.3303000000e+00 2.7011360270e+00
1.3304000000e+00 2.7010399380e+00
1.3305000000e+00 2.7009438490e+00
1.3306000000e+00 2.7008477610e+00
1.3307000000e+00 2.7007516730e+00
1.3308000000e+00 2.7006555850e+00
1.3309000000e+00 2.7005594970e+00
1.3310000000e+00 2.7004634100e+00
1.3311000000e+00 2.7003673230e+00
1.3312000000e+00 2.7002712360e+00
1.3313000000e+00 2.7001751500e+00
1.3314000000e+00 2.7000790640e+00
1.3315000000e+00 2.6999829780e+00
1.3316000000e+00 2.6998868930e+00
1.3317000000e+00 2.6997908070e+00
1.3318000000e+00 2.6996947220e+00
1.3319000000e+00 2.6995986380e+00
1.3320000000e+00 2.6995025530e+00
1.3321000000e+00 2.6994064690e+00
1.3322000000e+00 2.6993103860e+00
1.3323000000e+00 2.6992143020e+00
1.3324000000e+00 2.6991182190e+00
1.3325000000e+00 2.6990221360e+00
1.3326000000e+00 2.6989260530e+00
1.3327000000e+00 2.6988299710e+00
1.3328000000e+00 2.6987338890e+00
1.3329000000e+00 2.6986378070e+00
1.3330000000e+00 2.6985417260e+00
1.3331000000e+00 2.6984456450e+00
1.3332000000e+00 2.6983495640e+00
1.3333000000e+00 2.6982534830e+00
1.3334000000e+00 2.6981574030e+00
1.3335000000e+00 2.6980613230e+00
1.3336000000e+00 2.6979652440e+00
1.3337000000e+00 2.6978691640e+00
1.3338000000e+00 2.6977730850e+00
1.3339000000e+00 2.6976770070e+00
1.3340000000e+00 2.6975809280e+00
1.3341000000e+00 2.6974848500e+00
1.3342000000e+00 2.6973887720e+00
1.3343000000e+00 2.6972926950e+00
1.3344000000e+00 2.6971966180e+00
1.3345000000e+00 2.6971005410e+00
1.3346000000e+00 2.6970044640e+00
1.3347000000e+00 2.6969083880e+00
1.3348000000e+00 2.6968123120e+00
1.3349000000e+00 2.6967162360e+00
1.3350000000e+00 2.6966201610e+00
1.3351000000e+00 2.6965240860e+00
1.3352000000e+00 2.6964280110e+00
1.3353000000e+00 2.6963319370e+00
1.3354000000e+00 2.6962358630e+00
1.3355000000e+00 2.6961397890e+00
1.3356000000e+00 2.6960437150e+00
1.3357000000e+00 2.6959476420e+00
1.3358000000e+00 2.6958515690e+00
1.3359000000e+00 2.6957554970e+00
1.3360000000e+00 2.6956594250e+00
1.3361000000e+00 2.6955633530e+00
1.3362000000e+00 2.6954672810e+00
1.3363000000e+00 2.6953712100e+00
1.3364000000e+00 2.6952751390e+00
1.3365000000e+00 2.6951790680e+00
1.3366000000e+00 2.6950829980e+00
1.3367000000e+00 2.6949869280e+00
1.3368000000e+00 2.6948908580e+00
1.3369000000e+00 2.6947947890e+00
1.3370000000e+00 2.6946987200e+00
1.3371000000e+00 2.6946026510e+00
1.3372000000e+00 2.6945065830e+00
1.3373000000e+00 2.6944105150e+00
1.3374000000e+00 2.6943144470e+00
1.3375000000e+00 2.6942185260e+00
1.3376000000e+00 2.6941224590e+00
1.3377000000e+00 2.6940263930e+00
1.3378000000e+00 2.6939303260e+00
1.3379000000e+00 2.6938342610e+00
1.3380000000e+00 2.6937381950e+00
1.3381000000e+00 2.6936421300e+00
1.3382000000e+00 2.6935460650e+00
1.3383000000e+00 2.6934500000e+00
1.3384000000e+00 2.6933539360e+00
1.3385000000e+00 2.6932578720e+00
1.3386000000e+00 2.6931618090e+00
1.3387000000e+00 2.6930657450e+00
1.3388000000e+00 2.6929696820e+00
1.3389000000e+00 2.6928736200e+00
1.3390000000e+00 2.6927775580e+00
1.3391000000e+00 2.6926814960e+00
1.3392000000e+00 2.6925854340e+00
1.3393000000e+00 2.6924893730e+00
1.3394000000e+00 2.6923933120e+00
1.3395000000e+00 2.6922972510e+00
1.3396000000e+00 2.6922011910e+00
1.3397000000e+00 2.6921051310e+00
1.3398000000e+00 2.6920090720e+00
1.3399000000e+00 2.6919130130e+00
1.3400000000e+00 2.6918169540e+00
1.3401000000e+00 2.6917212280e+00
1.3402000000e+00 2.6916255030e+00
1.3403000000e+00 2.6915297780e+00
1.3404000000e+00 2.6914340530e+00
1.3405000000e+00 2.6913383290e+00
1.3406000000e+00 2.6912426050e+00
1.3407000000e+00 2.6911468810e+00
1.3408000000e+00 2.6910511580e+00
1.3409000000e+00 2.6909554350e+00
1.3410000000e+00 2.6908597120e+00
1.3411000000e+00 2.6907639900e+00
1.3412000000e+00 2.6906682680e+00
1.3413000000e+00 2.6905725460e+00
1.3414000000e+00 2.6904768250e+00
1.3415000000e+00 2.6903811040e+00
1.3416000000e+00 2.6902853840e+00
1.3417000000e+00 2.6901896630e+00
1.3418000000e+00 2.6900939430e+00
1.3419000000e+00 2.6899982240e+00
1.3420000000e+00 2.6899025050e+00
1.3421000000e+00 2.6898067860e+00
1.3422000000e+00 2.6897110670e+00
1.3423000000e+00 2.6896153490e+00
1.3424000000e+00 2.6895196310e+00
1.3425000000e+00 2.6894239140e+00
1.3426000000e+00 2.6893281970e+00
1.3427000000e+00 2.6892324800e+00
1.3428000000e+00 2.6891367640e+00
1.3429000000e+00 2.6890410480e+00
1.3430000000e+00 2.6889453320e+00
1.3431000000e+00 2.6888496170e+00
1.3432000000e+00 2.6887539020e+00
1.3433000000e+00 2.6886581870e+00
1.3434000000e+00 2.6885624730e+00
1.3435000000e+00 2.6884667590e+00
1.3436000000e+00 2.6883710450e+00
1.3437000000e+00 2.6882753320e+00
1.3438000000e+00 2.6881796190e+00
1.3439000000e+00 2.6880839070e+00
1.3440000000e+00 2.6879881950e+00
1.3441000000e+00 2.6878924830e+00
1.3442000000e+00 2.6877967720e+00
1.3443000000e+00 2.6877010600e+00
1.3444000000e+00 2.6876053500e+00
1.3445000000e+00 2.6875096400e+00
1.3446000000e+00 2.6874139300e+00
1.3447000000e+00 2.6873182200e+00
1.3448000000e+00 2.6872225110e+00
1.3449000000e+00 2.6871268020e+00
1.3450000000e+00 2.6870310930e+00
1.3451000000e+00 2.6869353850e+00
1.3452000000e+00 2.6868396780e+00
1.3453000000e+00 2.6867439700e+00
1.3454000000e+00 2.6866482630e+00
1.3455000000e+00 2.6865525560e+00
1.3456000000e+00 2.6864568500e+00
1.3457000000e+00 2.6863611440e+00
1.3458000000e+00 2.6862654390e+00
1.3459000000e+00 2.6861697340e+00
1.3460000000e+00 2.6860740290e+00
1.3461000000e+00 2.6859783240e+00
1.3462000000e+00 2.6858826200e+00
1.3463000000e+00 2.6857869170e+00
1.3464000000e+00 2.6856912130e+00
1.3465000000e+00 2.6855955100e+00
1.3466000000e+00 2.6854998080e+00
1.3467000000e+00 2.6854041060e+00
1.3468000000e+00 2.6853084040e+00
1.3469000000e+00 2.6852127020e+00
1.3470000000e+00 2.6851170010e+00
1.3471000000e+00 2.6850213010e+00
1.3472000000e+00 2.6849256010e+00
1.3473000000e+00 2.6848299010e+00
1.3474000000e+00 2.6847342010e+00
1.3475000000e+00 2.6846385020e+00
1.3476000000e+00 2.6845428030e+00
1.3477000000e+00 2.6844471050e+00
1.3478000000e+00 2.6843514070e+00
1.3479000000e+00 2.6842557090e+00
1.3480000000e+00 2.6841600120e+00
1.3481000000e+00 2.6840643150e+00
1.3482000000e+00 2.6839686190e+00
1.3483000000e+00 2.6838729230e+00
1.3484000000e+00 2.6837772270e+00
1.3485000000e+00 2.6836815320e+00
1.3486000000e+00 2.6835858370e+00
1.3487000000e+00 2.6834901420e+00
1.3488000000e+00 2.6833944480e+00
1.3489000000e+00 2.6832987540e+00
1.3490000000e+00 2.6832030610e+00
1.3491000000e+00 2.6831073680e+00
1.3492000000e+00 2.6830116760e+00
1.3493000000e+00 2.6829159830e+00
1.3494000000e+00 2.6828202920e+00
1.3495000000e+00 2.6827246000e+00
1.3496000000e+00 2.6826289090e+00
1.3497000000e+00 2.6825332190e+00
1.3498000000e+00 2.6824375280e+00
1.3499000000e+00 2.6823418390e+00
1.3500000000e+00 2.6822461490e+00
